Datenquellen/TADXMM_17_2022_01.asc
NCOLS 654
NROWS 866
XLLCORNER 3280414.711633467
YLLCORNER 5237500.62890625
CELLSIZE 1000
NODATA_VALUE -999
[rows 492 to 532 of 866, columns 188 to 281 of 654]
156 160 161 158 156 159 161 159 163 165 165 162 162 162 160 159 159 156 157 160 155 155 155 154 157 155 157 157 155 156 156 155 154 155 156 153 153 152 150 151 147 147 150 146 147 148 144 143 146 143 145 145 144 146 149 150 150 150 153 154 155 152 159 158 159 155 155 161 154 152 155 161 161 161 156 151 151 150 150 149 149 153 154 158 155 155 158 149 154 155 155 154 152 146
157 161 161 161 161 162 162 163 164 165 162 161 157 159 165 159 159 158 159 159 155 156 155 153 156 155 156 156 156 154 155 155 155 156 155 153 154 153 151 149 146 145 147 147 146 143 144 141 143 143 142 144 143 143 150 149 149 150 153 154 152 150 156 159 157 154 155 159 150 150 156 157 157 162 163 157 155 152 150 149 153 154 157 158 154 150 155 153 151 153 152 152 153 154
158 159 161 163 161 159 163 164 165 165 163 163 163 163 163 163 162 159 160 160 158 157 155 154 155 155 155 157 155 154 155 155 156 156 156 154 153 152 154 153 151 147 146 146 146 143 146 141 140 140 140 141 143 143 147 149 147 149 149 149 150 149 154 154 158 159 160 158 157 152 150 151 156 161 161 160 155 156 155 150 151 155 157 159 155 153 149 152 153 151 154 147 148 151
160 155 158 162 162 162 163 165 165 165 163 165 165 164 164 164 163 163 158 159 159 158 157 155 158 157 156 155 156 156 156 155 155 156 156 156 156 153 151 152 147 151 146 143 143 142 142 143 136 139 139 140 143 143 143 145 149 150 148 149 146 147 151 152 155 159 159 158 157 157 153 154 154 154 156 163 164 156 153 150 152 154 157 158 158 156 152 153 156 154 149 153 148 147
163 161 159 161 163 163 162 165 165 165 165 165 164 162 161 160 158 162 161 161 161 159 158 160 160 160 160 158 158 159 157 152 156 156 155 154 155 153 155 149 146 145 148 139 138 138 134 141 139 137 138 142 144 141 145 144 146 146 148 146 146 148 149 156 154 153 160 158 156 159 159 156 159 161 163 156 163 161 158 152 152 155 155 157 159 154 156 156 155 154 149 151 148 146
162 164 161 161 163 165 165 165 165 165 165 164 163 161 160 160 160 161 162 161 158 160 160 160 159 158 157 157 159 157 156 153 153 156 156 153 153 153 150 152 148 145 145 145 138 133 135 136 138 139 141 141 143 144 145 146 147 148 147 145 143 149 151 148 154 154 159 157 157 160 159 159 157 161 159 158 156 163 158 155 152 156 155 159 158 156 157 156 155 153 150 147 149 148
164 165 165 166 166 165 165 166 165 165 164 163 163 162 160 160 160 160 162 162 162 162 161 159 160 160 161 161 161 159 157 157 154 155 155 155 154 153 153 146 150 149 145 143 140 138 135 135 136 138 139 139 142 143 143 146 147 148 148 146 144 145 148 145 149 156 153 154 158 159 161 161 160 159 155 160 160 160 155 159 159 157 158 157 158 158 156 156 155 154 152 146 146 146
165 166 165 166 166 166 165 165 164 165 165 164 162 160 160 160 159 160 160 161 162 162 162 161 162 163 161 162 162 162 160 155 153 153 156 153 151 149 146 148 148 147 145 141 141 135 132 132 133 135 136 140 140 142 144 145 146 147 144 144 150 149 149 152 152 159 154 150 157 159 158 161 162 160 159 159 163 163 160 161 160 156 155 158 157 157 155 153 151 152 151 151 150 144
162 161 165 164 165 165 166 164 164 165 165 163 160 160 160 160 160 160 160 161 161 162 162 162 163 163 162 161 162 160 157 155 152 154 156 155 154 153 149 144 141 141 138 140 136 134 132 129 130 133 136 134 138 143 143 146 147 144 145 145 145 152 154 157 158 156 150 154 159 156 156 158 160 160 158 160 163 163 163 160 160 157 155 156 156 156 155 152 152 151 149 144 146 145
160 163 163 163 165 164 164 163 164 164 164 162 158 160 160 159 161 161 161 161 162 162 162 162 162 163 163 162 162 161 161 154 159 154 155 155 153 150 146 144 143 138 136 137 139 134 131 126 128 131 131 134 138 141 143 143 145 142 144 146 149 151 153 150 152 151 155 156 159 150 153 153 157 158 158 159 160 162 162 161 161 158 155 156 155 156 154 154 153 151 149 147 141 144
160 161 162 163 164 166 166 165 164 163 165 164 163 161 162 160 161 161 162 162 163 163 163 164 162 163 163 163 163 162 162 162 160 158 157 155 153 149 151 147 140 139 136 132 132 130 126 123 126 128 131 136 138 142 144 145 143 145 145 145 146 149 150 148 157 158 159 159 157 152 153 150 153 157 156 160 160 160 161 162 162 159 156 155 156 156 154 153 152 150 147 147 144 134
159 159 160 163 164 166 164 166 166 166 165 164 162 162 162 160 160 163 163 164 164 163 165 165 165 165 163 162 162 161 159 159 160 160 157 152 151 148 146 145 140 140 139 135 131 130 126 121 123 127 130 136 136 139 142 143 145 147 147 148 147 149 151 152 156 155 156 156 156 152 149 153 155 156 159 159 159 161 161 162 160 159 155 154 155 154 153 151 150 151 145 145 141 133
161 160 162 163 164 165 166 164 165 163 162 163 162 160 162 162 162 161 163 165 166 166 165 165 165 163 163 162 164 163 159 157 156 157 156 156 156 151 146 145 141 141 141 139 136 132 127 122 123 125 128 133 136 140 141 146 145 143 144 146 147 146 147 154 150 154 156 152 157 155 151 152 154 150 155 159 159 159 160 161 159 158 155 154 154 154 154 152 148 147 148 147 138 135
161 162 164 164 165 165 165 164 163 162 159 160 161 161 162 163 165 165 166 166 165 165 164 165 165 165 164 165 165 163 163 163 159 162 161 157 151 151 148 145 147 147 144 143 137 131 126 122 120 126 128 132 135 140 144 144 143 145 147 145 144 147 149 148 147 153 156 154 157 146 151 149 154 158 157 159 159 159 159 161 160 159 157 154 154 151 152 151 148 148 144 143 142 138
160 160 161 162 165 164 164 165 162 162 160 159 161 163 164 164 165 165 163 166 166 167 166 166 166 166 166 166 164 161 161 161 160 163 159 159 153 151 151 154 153 151 144 140 137 133 130 121 125 128 129 134 135 137 137 142 143 145 146 145 148 147 146 144 146 153 150 151 155 152 150 153 156 152 153 157 157 155 156 160 158 157 155 153 150 151 151 151 148 147 141 144 138 141
158 158 161 163 164 162 164 165 163 163 161 161 162 165 165 165 165 164 163 166 167 167 166 167 167 167 166 167 165 164 162 158 160 160 159 156 156 154 156 153 154 151 145 139 140 135 129 128 131 128 127 132 139 143 143 143 145 145 146 145 146 148 144 145 149 151 149 151 153 153 149 152 152 150 154 155 152 153 157 161 160 156 155 154 152 150 149 148 146 143 144 144 143 144
157 159 162 163 164 161 164 164 163 160 160 161 162 162 165 166 166 166 165 165 167 167 167 167 168 167 168 167 164 162 160 159 159 162 159 155 151 157 160 158 154 151 145 142 142 135 133 133 133 134 130 127 137 142 145 145 145 145 143 144 148 145 144 147 147 150 147 147 148 152 148 148 151 149 151 155 150 154 158 160 158 159 156 155 153 149 153 149 151 148 150 147 145 144
157 156 161 164 162 161 161 164 162 160 163 163 163 164 166 165 165 167 166 166 166 167 168 168 168 169 168 166 163 164 161 160 161 162 157 157 154 162 159 155 154 149 147 145 139 137 140 137 135 138 131 131 137 141 143 144 145 145 142 146 146 143 144 146 146 148 147 146 148 147 152 150 155 150 153 153 157 156 159 158 155 157 158 156 155 156 155 154 152 149 146 142 140 140
157 158 159 162 164 161 162 163 163 162 163 165 165 164 168 167 166 166 167 167 167 167 167 167 167 167 167 166 167 163 164 161 163 163 163 160 163 163 159 154 151 149 151 145 143 145 139 142 141 133 133 136 137 142 144 144 142 143 143 144 144 145 146 147 148 147 146 147 151 150 150 152 157 154 155 157 160 159 159 158 158 156 154 154 155 156 154 150 147 147 142 137 138 135
157 161 160 163 163 162 162 163 163 163 164 166 167 168 169 168 168 167 166 164 166 167 168 167 169 169 168 167 165 163 164 164 164 165 158 159 163 159 156 154 158 152 148 146 146 145 147 142 136 135 138 138 136 140 137 143 143 145 145 141 143 143 144 146 147 149 150 153 154 153 152 157 158 158 156 158 160 158 158 158 150 154 156 149 154 153 153 148 145 143 139 143 139 145
158 159 159 161 161 160 162 162 161 165 166 168 169 169 168 167 167 166 165 165 167 168 168 169 169 169 168 168 166 167 164 164 166 161 165 165 159 162 162 158 157 154 149 149 149 146 140 138 140 139 141 139 142 142 143 141 143 143 144 141 142 144 146 148 148 146 146 144 145 148 157 158 157 158 159 160 155 155 157 156 152 146 156 154 149 150 154 152 153 150 150 149 147 141
156 155 155 159 158 154 160 163 163 165 169 167 167 167 166 165 164 165 166 167 168 169 168 168 169 170 169 167 167 165 165 165 166 165 166 161 161 158 161 156 153 154 151 152 151 146 145 143 141 141 143 142 142 144 145 145 142 144 146 142 143 143 145 145 146 145 144 145 148 149 151 152 158 159 158 160 158 154 152 153 154 151 149 156 155 151 152 148 152 145 144 138 137 135
149 155 156 154 157 153 157 163 167 167 168 170 170 168 168 166 165 165 166 168 169 169 169 169 170 170 168 165 166 167 167 166 165 167 164 161 156 157 153 158 152 153 153 153 151 150 150 147 143 144 144 143 144 143 146 145 146 147 149 146 145 147 150 152 147 144 145 149 150 155 156 154 157 158 160 158 158 157 152 155 149 149 153 153 152 149 151 149 144 145 143 146 144 139
151 152 151 154 158 159 162 165 167 168 168 168 171 170 169 166 164 165 167 168 170 170 170 170 171 170 169 168 167 166 167 166 167 166 160 157 160 159 155 154 155 156 156 153 152 152 150 147 145 146 146 146 146 145 147 148 149 149 146 146 147 144 148 149 147 146 149 154 156 156 157 158 157 159 159 156 157 157 149 148 147 148 153 152 151 154 151 145 139 141 134 139 135 138
156 153 151 149 155 162 163 166 167 168 169 170 170 168 165 165 165 165 166 168 170 170 170 170 171 169 169 169 166 167 167 166 167 165 166 160 160 157 158 157 155 155 155 152 151 155 152 147 148 145 148 147 148 145 146 149 149 150 147 144 148 148 148 150 153 149 150 151 151 156 157 158 156 154 156 156 157 156 148 148 146 147 148 150 149 152 146 140 131 133 132 138 129 130
148 146 155 155 153 162 165 166 167 168 169 170 170 171 165 166 166 166 168 169 169 170 170 171 171 170 169 168 165 168 167 169 167 166 162 158 157 159 160 156 156 158 156 156 156 154 152 149 148 146 150 150 150 146 146 146 149 152 150 146 147 151 148 149 155 149 147 152 155 156 156 157 157 154 155 152 152 153 153 150 148 146 146 152 148 152 144 138 132 133 129 124 127 125
148 152 153 158 159 164 165 166 167 168 169 169 170 170 169 168 168 167 170 171 171 170 170 171 171 170 170 165 166 167 168 169 163 163 163 159 158 160 158 156 160 159 159 157 156 151 147 148 153 148 151 153 151 149 147 148 149 152 149 148 149 151 147 149 155 151 153 154 153 152 156 155 155 155 151 151 150 149 147 151 148 144 144 150 144 146 149 146 145 136 127 124 120 121
153 151 156 159 163 163 167 167 167 168 169 169 168 171 170 170 169 169 171 171 171 171 172 171 171 170 168 165 167 171 170 166 167 164 160 163 164 162 161 160 158 159 154 154 154 152 152 151 155 152 154 154 153 152 151 152 152 155 151 150 149 150 156 154 154 149 149 148 152 155 155 150 149 151 148 149 150 146 145 146 142 142 145 149 142 139 146 143 142 137 131 127 123 127
154 158 159 161 161 163 165 167 166 169 170 171 170 170 170 171 169 171 171 171 171 171 171 172 171 169 168 166 167 169 169 167 163 162 160 164 161 160 162 164 160 155 156 155 155 155 153 155 155 154 155 153 155 153 155 152 153 155 153 151 152 152 151 159 153 153 149 148 153 152 152 147 147 147 146 145 145 146 145 141 139 142 146 148 142 143 148 147 147 145 142 130 130 136
160 158 158 160 164 163 163 165 169 170 170 167 169 172 172 171 170 171 171 171 171 171 172 172 171 169 166 164 169 168 168 167 164 162 165 163 160 165 163 158 156 157 157 157 153 154 156 154 156 155 156 153 156 156 157 155 150 154 154 153 150 151 150 157 155 152 153 156 157 153 152 151 159 151 148 147 149 149 145 143 139 139 147 146 140 146 152 148 146 141 144 142 137 130
155 163 161 164 165 168 166 168 169 168 167 165 169 172 172 173 171 171 172 172 171 172 172 173 170 170 167 165 170 171 168 167 169 168 162 167 169 166 160 157 157 156 157 155 156 156 155 157 153 156 155 154 157 157 157 155 154 155 154 154 152 152 151 154 162 157 157 157 162 160 157 161 151 150 156 155 151 148 142 141 143 140 146 147 142 150 150 143 136 139 132 128 137 132
159 163 165 161 159 165 162 163 165 166 167 170 172 173 174 174 173 172 171 171 171 171 172 173 172 168 167 171 172 170 170 169 165 163 167 170 163 163 159 163 159 160 156 158 156 156 158 159 155 156 155 153 156 158 158 155 155 157 160 155 153 151 153 154 159 156 155 159 164 164 161 162 161 159 155 152 148 145 141 141 144 149 152 149 155 152 145 144 140 140 134 134 142 140
162 155 163 161 160 159 160 160 161 163 168 169 173 173 173 172 173 174 170 171 171 172 172 173 171 167 171 171 171 169 165 166 170 171 171 163 166 167 167 166 162 159 159 155 158 158 161 161 158 157 156 155 159 162 158 156 157 158 160 155 153 153 155 152 159 156 155 158 164 164 162 163 162 160 155 155 149 142 142 145 147 155 155 151 142 145 151 145 146 139 137 137 135 144
161 157 157 160 159 158 154 154 156 163 165 171 173 173 174 173 173 173 171 171 172 172 172 173 172 170 172 171 168 164 164 170 171 170 168 167 166 162 163 156 165 160 156 155 158 160 162 157 155 156 158 154 160 158 160 157 156 157 163 157 153 157 156 157 164 155 159 164 165 154 156 161 159 159 158 151 148 142 151 157 157 158 155 145 145 142 143 143 139 137 139 145 138 144
159 156 157 162 159 155 153 148 157 164 168 171 172 172 172 174 174 173 171 171 171 172 173 173 172 172 172 171 168 164 168 172 170 169 169 167 164 166 160 164 163 156 158 158 161 163 159 156 155 155 158 161 166 159 160 158 158 157 162 160 155 161 155 157 164 164 164 164 159 157 154 159 150 159 152 153 150 146 153 148 145 148 147 146 146 147 146 145 142 144 144 141 141 150
157 156 158 160 161 154 148 152 159 166 169 171 171 172 172 173 172 171 171 172 172 172 171 171 171 171 171 167 166 166 168 172 171 168 168 169 168 165 169 166 165 162 159 160 163 161 160 157 155 156 156 163 167 166 160 159 158 164 166 161 157 165 162 163 166 166 164 161 161 159 153 151 149 155 155 154 153 147 153 154 145 143 143 148 151 145 144 152 155 154 153 153 151 147
156 154 155 156 156 153 150 157 158 166 170 171 172 171 172 172 173 172 171 171 173 171 170 169 169 170 168 167 167 169 171 171 163 168 168 169 168 168 166 169 164 164 157 162 167 160 159 156 155 155 155 162 168 166 157 158 162 168 165 162 165 164 167 167 165 163 155 162 160 157 150 149 149 151 153 152 152 152 156 156 153 145 150 153 151 153 153 157 152 142 140 143 141 138
158 158 156 154 154 152 157 161 165 169 171 171 172 172 172 171 172 174 173 171 173 172 170 169 168 169 166 169 170 170 172 170 169 169 170 170 168 170 169 170 164 161 166 169 162 159 158 156 155 155 155 157 167 168 163 156 162 167 163 164 168 164 162 162 162 159 156 159 151 151 151 149 146 147 148 150 150 154 161 149 152 149 152 152 158 152 152 155 152 146 143 146 145 139
158 159 155 151 153 157 160 165 166 169 170 171 171 172 173 172 173 174 172 173 173 171 169 169 168 168 170 170 171 171 173 170 172 172 172 172 172 172 168 171 172 170 166 159 158 157 159 156 156 156 154 156 163 170 160 156 163 169 169 169 162 165 156 157 157 155 153 155 153 151 154 153 153 145 153 152 146 154 158 152 150 149 156 156 156 155 149 151 151 153 140 148 145 142
155 157 158 155 159 162 164 167 168 168 171 172 172 172 173 173 174 174 174 172 170 169 170 170 168 170 171 172 173 173 173 173 172 170 166 167 171 171 171 171 168 159 167 160 162 159 160 156 158 155 154 157 161 170 163 158 163 169 168 162 157 153 159 154 152 151 150 151 155 158 152 154 153 152 153 150 151 156 159 157 151 155 159 156 149 147 144 146 148 150 151 149 149 146
151 149 154 153 155 163 167 166 168 169 170 172 172 173 173 174 174 172 170 169 169 170 170 169 168 171 173 172 173 172 172 171 167 164 168 167 162 170 171 171 171 171 163 162 161 160 155 160 154 154 158 160 158 170 165 159 164 170 167 163 162 154 154 148 149 148 151 152 156 156 151 152 156 154 158 155 153 154 157 153 154 154 160 152 147 144 142 149 151 147 152 150 149 148
