Datenquellen/TADXMM_17_2022_01.asc
NCOLS 654
NROWS 866
XLLCORNER 3280414.711633467
YLLCORNER 5237500.62890625
CELLSIZE 1000
NODATA_VALUE -999
[rows 574 to 614 of 866, columns 94 to 187 of 654]
147 147 149 156 151 153 152 154 157 152 154 149 154 158 157 162 157 152 141 146 146 147 143 142 141 142 150 153 152 154 157 160 158 162 158 165 166 166 165 166 169 169 174 174 175 176 176 177 177 177 175 173 168 164 164 164 164 165 168 169 172 172 173 170 171 172 172 173 169 164 166 170 171 171 172 171 170 171 176 176 176 176 176 176 176 176 176 176 177 177 177 177 177 177
141 137 142 149 153 152 152 153 156 156 154 151 153 157 160 159 151 147 150 148 144 142 145 145 148 149 152 154 156 155 157 157 158 157 156 162 166 166 170 168 170 171 172 173 169 174 177 178 177 177 177 175 173 167 165 164 164 164 165 168 171 172 171 169 170 173 171 173 168 165 168 170 171 172 173 170 170 170 176 176 176 176 176 176 176 177 177 176 177 177 177 177 177 177
137 130 142 149 153 158 158 152 155 157 152 152 150 153 154 164 152 153 156 150 145 149 150 151 151 152 154 155 156 155 155 155 167 155 162 166 166 169 167 170 172 169 171 170 174 176 178 178 176 175 176 177 173 173 170 170 166 164 166 168 168 166 168 171 171 169 171 173 168 168 168 171 170 172 173 172 170 172 176 176 176 176 176 176 176 177 177 176 177 177 177 177 177 177
131 138 148 151 149 156 156 154 156 157 155 155 150 148 144 149 165 162 152 148 148 152 154 154 154 155 156 157 160 155 158 154 152 158 163 166 168 167 171 172 174 174 169 174 176 177 178 178 172 173 175 176 176 175 172 171 170 166 168 165 166 167 170 172 170 168 172 173 174 173 172 173 172 171 171 173 170 175 175 176 176 176 176 176 176 177 176 176 177 177 177 177 178 177
137 139 149 148 152 153 153 151 152 154 158 152 148 139 148 154 159 163 154 153 152 153 158 155 155 155 154 155 160 163 157 153 161 165 164 167 168 170 172 172 175 169 172 174 179 178 178 177 170 175 174 174 176 174 172 165 170 170 171 167 169 169 171 168 168 170 172 172 173 173 172 174 173 172 172 172 174 174 170 176 176 176 176 176 177 177 177 177 177 177 177 177 178 177
137 147 148 147 148 150 149 152 154 160 157 150 143 148 152 157 165 166 162 154 153 155 164 153 158 157 159 159 159 165 157 161 166 168 168 166 168 172 171 174 175 176 177 178 178 178 175 176 177 177 176 176 175 175 169 169 172 173 172 172 171 169 169 166 168 169 170 172 172 172 173 173 172 171 171 171 172 169 171 176 176 176 177 177 177 177 177 177 177 177 177 178 178 178
144 146 149 149 148 149 151 151 160 158 156 148 150 151 156 159 168 156 153 155 152 154 158 164 160 163 158 156 155 160 166 163 162 167 165 169 173 174 173 173 173 171 172 177 177 176 172 175 175 174 175 176 174 175 175 175 174 173 172 173 171 168 167 165 168 169 169 170 172 173 173 174 171 173 172 171 171 168 174 176 176 177 177 177 177 177 177 177 177 177 177 177 178 178
147 149 149 151 149 149 150 156 157 155 159 154 155 153 155 161 168 159 156 160 154 157 161 167 160 158 157 154 154 162 160 166 167 161 168 168 168 170 172 172 169 162 174 174 174 172 172 174 173 174 173 176 174 174 173 174 174 174 172 173 170 166 165 166 168 170 170 172 172 173 173 174 172 172 173 171 170 169 173 176 177 177 177 176 177 177 177 177 177 177 177 177 178 178
147 148 150 154 146 149 149 154 157 150 161 158 157 155 152 154 162 164 166 155 158 161 164 169 156 162 158 158 159 159 163 161 167 169 170 171 170 170 168 170 171 165 169 170 168 169 171 174 174 172 172 176 173 173 170 170 174 175 173 169 169 167 166 168 169 169 170 171 172 173 174 173 171 171 171 170 171 170 176 177 177 177 177 177 177 177 177 177 177 177 177 177 178 178
150 150 153 152 148 152 153 152 150 155 156 158 164 156 155 157 157 160 163 170 161 164 164 167 164 165 160 166 163 162 165 167 169 165 165 170 168 167 177 173 176 174 176 164 163 164 170 171 171 173 175 174 174 174 171 172 174 174 174 172 169 165 166 168 169 169 170 171 173 174 174 174 173 170 171 170 171 171 177 177 177 177 177 177 177 177 177 177 177 177 177 177 178 178
146 143 146 151 158 154 153 157 153 150 156 157 162 161 164 157 162 168 170 163 170 171 172 167 168 165 163 168 168 165 163 164 166 174 174 170 166 170 169 167 169 172 166 166 164 170 172 173 173 170 173 174 174 173 173 171 173 174 173 173 171 170 169 169 171 169 171 174 173 173 174 172 169 170 169 169 171 172 177 177 177 177 177 177 177 177 177 177 177 177 177 177 178 178
140 142 146 152 151 158 155 152 157 148 152 151 153 157 169 169 170 160 162 159 162 166 168 172 172 169 168 171 171 167 166 167 170 175 160 168 175 175 165 166 168 176 163 161 164 166 171 169 169 168 171 173 173 172 172 172 170 172 174 174 174 173 173 171 171 173 173 172 170 172 172 172 170 169 168 171 171 171 177 177 177 177 177 177 177 177 177 177 177 177 177 177 178 178
143 145 147 149 155 157 154 154 153 149 151 154 156 156 161 161 158 163 152 158 158 165 158 165 171 172 173 173 173 174 171 173 175 175 167 168 159 160 164 165 166 175 162 162 165 168 163 171 170 170 172 173 173 168 171 172 173 173 173 173 172 171 173 172 173 171 173 174 173 172 171 171 169 169 169 170 170 173 177 177 177 177 177 177 177 177 177 177 177 177 177 177 178 177
148 149 149 152 151 160 155 159 152 153 154 154 155 169 169 161 155 158 160 152 155 164 157 162 164 170 169 168 170 166 167 171 174 164 162 166 171 170 162 164 163 173 167 167 167 168 170 172 172 169 171 170 172 168 169 169 169 168 167 170 171 169 171 171 173 170 172 173 173 173 173 172 171 169 170 171 171 175 177 177 177 177 177 177 177 177 177 177 177 177 177 177 178 178
158 151 150 151 149 159 155 155 164 153 155 159 164 164 158 165 158 153 154 154 157 156 162 167 166 163 169 162 164 164 166 173 171 162 162 164 167 165 166 164 167 175 168 164 165 167 166 168 166 168 168 168 170 171 170 168 168 166 166 165 164 169 171 171 170 171 173 173 172 173 173 173 172 170 170 171 172 176 177 177 177 177 177 177 177 177 177 177 177 177 177 177 178 178
157 158 150 152 150 157 151 158 157 161 156 160 168 161 156 160 164 163 158 151 152 158 162 161 161 166 160 159 163 168 162 170 166 168 157 162 159 159 165 164 167 169 164 163 161 164 168 164 164 164 167 167 170 167 168 166 166 166 165 164 168 165 170 168 168 173 173 172 173 172 172 172 171 172 172 174 174 176 177 177 177 177 177 177 177 177 177 177 177 177 177 177 177 178
149 160 151 154 153 150 150 159 157 161 165 167 160 166 158 156 162 163 161 161 160 159 155 159 160 162 162 162 165 166 162 174 165 162 162 158 160 161 166 165 173 165 161 161 163 167 161 161 162 164 164 166 165 165 166 165 164 164 165 164 165 169 171 172 173 173 171 168 170 171 172 172 170 170 171 172 174 177 177 177 177 177 177 177 178 177 177 177 178 177 177 177 178 178
146 152 160 156 159 149 150 152 155 166 167 161 164 160 166 162 160 163 164 159 158 158 157 160 160 158 158 159 165 162 173 174 168 161 159 159 168 169 170 169 174 172 162 161 164 168 163 160 161 165 163 167 164 164 164 164 163 164 168 169 168 171 170 171 170 169 169 165 165 169 171 171 170 171 171 173 172 177 177 177 177 177 177 177 177 177 177 177 178 178 178 178 178 178
150 155 155 164 158 152 157 155 166 167 160 163 159 161 160 162 157 160 162 158 155 159 161 156 157 159 159 162 162 170 167 164 162 163 158 161 167 172 170 170 173 165 163 163 169 164 161 161 164 163 161 166 167 162 164 165 167 168 168 169 168 167 165 169 171 165 164 164 164 165 171 170 172 172 171 172 175 177 177 177 177 177 177 177 177 177 177 177 177 178 178 178 178 178
158 160 156 155 161 151 152 167 165 159 157 157 158 163 157 157 156 159 159 157 155 157 159 164 165 164 163 164 165 173 165 162 159 158 160 168 163 170 163 166 172 166 160 165 163 161 161 161 164 159 163 167 162 162 165 170 166 167 168 166 164 164 169 169 168 166 165 165 165 166 167 170 172 173 174 175 177 177 177 177 177 177 177 177 177 177 177 177 178 178 178 178 178 178
154 155 159 165 163 162 164 164 164 156 154 153 159 157 161 157 157 159 158 153 156 160 156 161 166 168 159 161 167 173 170 166 159 158 165 162 161 168 162 172 168 167 161 167 163 162 158 160 160 164 164 161 160 161 163 162 164 166 163 164 165 167 166 168 168 167 167 166 165 166 169 173 174 174 174 175 178 177 177 177 177 177 177 177 178 177 178 177 178 178 178 178 178 178
151 156 164 161 161 165 162 159 155 159 154 151 153 154 156 158 159 159 157 156 161 165 165 164 170 169 172 168 172 173 165 168 169 162 159 162 166 168 164 172 162 163 163 168 160 164 157 158 161 160 166 161 162 161 162 162 166 163 163 164 166 164 163 164 167 170 170 168 170 173 173 175 175 176 176 176 176 177 177 177 177 178 178 178 178 178 178 178 178 178 178 178 178 178
152 159 153 158 157 159 149 152 146 152 156 155 149 147 154 158 156 160 157 159 158 157 161 165 168 161 168 167 172 165 166 167 163 159 163 166 167 166 166 169 164 161 161 167 157 162 159 158 158 162 166 161 160 161 163 162 163 163 163 165 163 163 164 166 168 170 172 172 173 173 172 174 173 174 174 175 177 177 177 177 178 178 178 178 178 178 178 178 178 178 178 178 178 178
155 162 152 153 149 148 154 142 146 144 151 149 145 150 154 156 157 156 160 159 161 162 162 168 161 163 163 166 171 162 165 161 161 161 165 161 167 161 166 164 166 158 160 162 159 158 162 156 156 162 160 162 161 159 161 163 163 163 163 163 163 163 164 165 166 170 168 168 170 171 173 174 174 175 174 175 176 178 177 177 178 178 178 178 178 178 178 178 178 178 178 178 177 177
160 158 151 152 146 150 149 148 144 146 151 152 154 154 151 154 153 158 160 158 163 165 163 164 163 166 169 170 166 160 161 162 160 159 165 164 162 158 166 166 162 159 162 163 157 155 152 155 159 158 162 163 158 163 167 167 163 163 163 164 164 164 164 164 165 166 165 168 170 171 173 175 175 176 176 176 177 177 178 178 178 178 178 178 178 178 178 178 178 178 178 178 178 177
157 155 154 153 148 149 143 141 141 149 152 157 155 153 151 155 158 158 161 162 165 161 165 163 173 173 167 167 168 163 160 163 159 161 167 163 162 158 158 166 165 161 159 162 162 158 155 153 151 156 158 159 158 163 166 167 167 169 167 165 167 164 164 164 164 167 165 168 171 172 174 175 176 176 177 177 177 178 178 178 178 178 178 178 178 178 178 178 178 178 178 177 177 177
154 152 154 150 150 150 147 148 144 152 157 155 154 154 151 155 153 155 162 163 164 167 165 167 169 164 167 167 162 158 158 157 158 160 162 159 162 157 151 159 168 165 162 163 157 158 154 152 155 155 154 154 157 163 166 168 164 165 170 169 170 165 164 164 164 165 165 170 172 174 175 175 176 175 175 174 175 177 178 178 178 178 178 178 178 178 178 178 178 178 178 177 177 177
152 154 151 148 149 149 148 149 149 151 151 155 159 153 150 151 155 158 160 159 161 169 169 172 170 165 163 165 166 161 161 156 157 163 161 161 157 156 160 159 169 159 162 163 155 151 154 152 154 160 159 163 163 164 166 167 164 164 164 169 173 171 170 166 165 166 166 172 173 173 173 173 173 174 174 174 175 177 177 178 178 178 178 178 178 178 178 178 178 178 178 177 178 177
152 151 150 149 149 151 148 154 150 153 151 151 164 154 156 157 154 162 161 162 163 164 172 162 172 164 161 162 171 161 163 160 157 160 156 159 153 152 157 162 170 163 161 162 154 155 154 151 157 161 161 162 164 165 165 168 167 170 171 171 171 171 172 173 173 173 171 172 172 172 172 173 174 174 175 175 176 177 177 177 178 178 178 178 178 178 178 178 178 178 178 177 178 177
159 155 156 150 149 152 154 152 153 148 151 157 167 159 156 157 161 165 159 161 163 173 168 166 171 163 169 161 167 170 169 167 161 156 158 154 155 158 159 166 169 160 162 157 160 159 143 142 146 160 163 162 164 167 170 170 171 169 169 167 166 168 171 167 170 173 174 173 175 175 175 176 176 176 176 176 177 176 176 176 177 178 178 178 178 178 178 178 178 178 178 177 177 177
153 153 150 151 149 152 151 151 153 148 149 153 164 169 163 162 166 164 164 173 173 171 164 162 164 169 162 160 161 165 166 161 162 156 157 158 157 162 164 166 168 159 156 157 158 155 146 137 137 156 162 163 165 165 167 170 168 163 164 164 165 170 168 164 165 167 171 172 173 174 175 174 175 174 174 175 175 176 176 176 177 178 178 178 178 178 178 178 178 178 178 177 178 178
157 150 153 149 153 152 148 155 155 154 158 167 169 157 170 163 164 165 172 171 167 166 165 163 165 170 159 163 159 161 169 162 164 160 156 156 159 164 166 162 167 162 155 154 152 146 149 149 149 159 163 166 168 167 168 169 167 164 165 167 169 168 165 163 164 167 172 172 174 175 174 175 175 175 175 175 176 176 177 177 177 178 178 178 178 178 178 178 178 178 178 178 178 178
154 153 152 147 150 158 148 153 157 162 164 155 158 163 171 172 172 170 164 171 166 166 164 160 166 172 161 160 159 163 166 162 160 160 154 157 165 163 167 169 161 155 155 161 146 144 152 152 157 161 163 166 166 167 169 169 165 164 165 168 166 165 165 164 168 168 173 174 175 175 175 176 176 176 177 176 176 177 177 177 177 177 177 178 178 178 178 178 178 178 178 178 178 178
155 154 155 151 149 149 146 147 149 156 159 156 159 171 168 161 163 165 165 168 171 164 158 157 168 162 166 159 156 159 165 158 156 158 156 156 160 167 162 167 163 161 163 155 149 160 154 162 166 163 167 166 168 169 169 169 168 166 166 164 165 164 165 163 163 168 173 174 174 174 174 174 175 175 176 176 176 177 177 177 177 177 177 177 178 178 178 178 178 178 178 178 178 178
148 152 151 151 148 145 148 158 160 161 161 152 162 169 165 162 163 164 165 163 168 162 150 150 168 172 164 164 156 159 165 167 161 158 156 164 164 163 158 160 163 168 164 164 162 161 159 160 164 166 167 168 166 168 169 166 166 165 164 164 165 164 164 163 168 170 172 174 174 174 174 174 175 175 176 176 176 177 177 177 177 177 177 177 178 178 178 177 178 178 178 178 178 178
145 149 149 150 148 150 151 159 159 158 157 164 170 171 167 163 158 162 150 154 166 164 150 152 161 168 169 163 158 159 164 163 164 156 155 156 166 163 160 160 160 164 167 165 164 164 164 165 165 166 165 167 165 165 167 163 165 165 169 166 170 170 167 164 174 173 174 174 173 173 174 174 175 176 176 176 177 177 177 177 177 177 177 178 178 178 178 178 178 178 178 178 178 178
143 146 146 144 146 160 163 157 158 161 159 159 161 170 165 159 157 156 156 153 153 165 159 155 160 168 166 164 157 159 161 161 159 157 157 160 165 162 166 162 160 164 167 167 168 167 164 159 161 164 167 166 162 159 164 166 167 168 170 170 172 173 172 172 169 173 173 174 174 174 175 176 176 176 177 177 177 177 177 177 177 178 178 178 178 178 178 178 178 178 178 178 178 178
143 151 149 155 150 163 163 168 166 166 161 164 162 168 172 166 164 158 153 147 161 166 161 159 161 169 165 158 156 163 163 163 157 154 157 163 165 161 165 161 162 166 166 166 167 168 165 159 162 166 165 163 162 161 165 165 165 169 172 173 172 169 166 164 169 173 173 174 173 174 176 177 177 177 177 177 177 178 178 178 178 178 178 178 178 179 179 178 178 178 178 178 178 178
156 158 160 161 163 163 159 161 169 168 163 169 168 168 170 164 162 164 161 159 162 154 161 162 161 163 173 168 161 166 160 164 163 159 161 161 159 163 165 161 167 167 167 165 167 165 165 162 164 161 165 162 164 165 164 165 171 170 170 170 171 167 163 164 171 172 173 173 172 175 177 177 177 177 177 177 177 177 177 178 178 178 178 178 178 179 178 178 178 178 178 178 178 179
158 159 161 160 158 158 163 161 167 167 168 163 168 162 169 159 163 168 163 165 161 156 159 160 160 162 165 169 172 164 167 165 165 162 163 161 156 160 163 164 165 165 167 161 167 163 164 161 161 163 162 165 168 166 168 170 170 168 170 169 169 165 163 169 171 172 174 173 174 175 177 176 176 176 177 177 177 177 177 177 178 178 178 178 179 179 178 178 178 178 178 178 179 179
162 156 158 154 154 157 159 164 166 161 160 165 164 170 164 150 156 162 168 161 162 160 157 158 158 163 164 161 169 169 168 167 165 164 161 160 159 161 162 159 165 163 167 164 168 161 161 163 163 166 162 163 168 168 168 168 161 166 167 167 165 171 164 164 172 172 173 174 174 174 175 175 176 177 177 178 178 177 177 178 178 178 179 179 179 179 179 178 178 178 179 179 178 178
