Datenquellen/TADXMM_17_2022_01.asc
NCOLS 654
NROWS 866
XLLCORNER 3280414.711633467
YLLCORNER 5237500.62890625
CELLSIZE 1000
NODATA_VALUE -999
[rows 369 to 409 of 866, columns 94 to 187 of 654]
167 165 167 168 167 167 167 167 167 166 166 165 166 165 165 165 165 165 166 165 165 165 164 164 164 164 164 164 163 163 163 163 163 162 162 162 163 164 164 163 164 163 162 163 163 163 163 162 163 163 163 163 163 162 162 162 161 161 160 160 158 160 160 161 160 161 161 162 162 163 164 164 164 163 163 164 165 165 165 165 165 165 165 164 164 164 164 164 164 164 164 164 164 163
165 165 166 167 167 167 167 167 167 167 167 167 167 167 166 166 166 166 166 166 165 165 165 165 164 164 164 164 164 163 163 164 163 162 162 162 163 163 164 165 165 165 164 164 164 164 163 164 164 162 163 163 163 162 162 161 162 161 161 162 161 161 161 161 163 162 163 162 163 163 163 163 164 164 164 165 165 165 165 165 165 165 165 165 165 165 164 164 165 164 164 164 164 164
165 163 162 166 166 167 166 167 167 167 167 167 167 167 167 167 166 166 166 166 165 165 164 164 164 164 164 164 164 164 163 164 163 164 163 163 163 164 165 165 165 165 165 164 164 165 164 164 164 163 164 164 164 164 163 163 163 163 163 161 162 162 163 163 163 163 163 163 163 164 164 164 164 164 165 165 165 165 165 165 165 165 165 165 165 165 165 165 165 165 165 164 164 164
165 163 163 165 165 166 166 167 167 167 167 167 166 166 167 167 166 166 166 166 165 165 164 165 165 165 165 164 164 164 164 164 164 165 164 164 164 163 164 165 165 165 164 164 165 165 165 165 165 165 165 165 165 165 165 165 164 163 163 163 163 163 163 163 164 164 163 163 163 164 164 164 164 164 165 165 165 165 165 165 165 165 165 165 165 165 165 165 165 165 165 165 164 164
165 163 162 163 165 165 165 166 167 167 167 167 166 166 167 166 167 166 166 166 165 165 164 164 165 165 164 164 165 164 164 164 165 165 165 164 164 164 164 165 165 166 165 166 166 166 166 166 166 165 165 165 166 165 165 165 164 164 164 164 164 163 163 163 163 164 163 164 164 164 164 164 164 164 164 165 165 165 165 165 165 165 165 165 165 165 165 165 165 165 165 165 164 164
164 165 164 162 163 166 166 166 167 167 167 167 167 166 166 166 166 166 166 166 166 163 164 164 165 165 165 165 164 164 164 165 165 165 165 165 165 165 165 165 166 166 166 166 166 166 165 165 165 165 166 165 165 165 166 165 165 164 164 165 165 165 164 164 165 164 164 164 164 164 164 164 164 164 164 165 165 165 165 165 165 165 165 165 165 165 165 165 165 165 165 165 164 164
165 165 164 163 162 165 165 166 166 167 167 167 167 167 166 166 165 166 166 166 165 163 163 163 163 164 164 164 164 164 164 165 164 164 164 165 165 166 166 166 166 166 166 166 166 166 166 166 165 165 165 165 165 165 165 165 165 165 165 165 165 165 165 165 165 165 164 164 164 164 164 164 164 164 164 165 165 165 165 165 165 166 166 166 165 165 165 165 165 165 165 165 164 165
166 165 165 162 162 164 164 166 166 166 166 167 167 167 167 167 166 165 165 165 165 165 164 164 163 163 163 164 164 165 165 165 165 165 165 166 166 166 166 166 166 166 165 166 166 166 166 166 165 165 165 165 164 164 165 165 165 165 165 165 165 164 165 164 165 165 165 165 164 165 164 164 164 164 165 165 165 165 165 165 166 166 165 165 165 165 165 165 165 165 164 164 164 164
166 166 165 165 164 165 165 166 165 166 166 166 166 167 167 167 167 167 167 166 166 164 164 163 163 164 164 164 165 165 165 165 166 166 166 166 166 166 166 166 165 165 165 165 166 166 166 166 165 165 165 165 165 165 165 165 165 165 165 165 165 165 165 165 165 165 165 165 165 165 165 165 165 164 165 165 166 165 165 166 166 165 165 165 164 164 164 164 164 164 164 164 164 164
166 165 165 165 165 166 166 166 166 166 167 166 167 167 167 167 167 167 167 166 164 164 164 163 164 165 165 164 166 166 166 166 166 166 166 166 166 166 166 166 166 165 165 165 165 165 165 165 166 166 165 165 165 165 164 164 165 165 165 165 165 165 165 165 165 165 165 165 165 165 165 165 165 165 165 165 166 165 165 165 165 165 165 165 164 164 163 164 164 164 164 164 164 164
164 165 165 165 165 165 166 166 166 167 167 167 167 166 167 167 167 167 167 167 166 166 166 164 164 165 165 166 166 166 166 166 166 166 166 166 166 166 166 165 166 166 165 165 165 165 165 165 165 166 166 166 165 165 165 165 165 165 165 165 165 165 165 165 165 164 164 164 164 165 165 165 165 164 165 165 165 165 165 165 165 165 165 165 164 163 163 163 164 164 164 164 164 163
164 165 164 164 165 166 165 165 166 167 166 166 166 166 166 167 166 167 167 167 166 166 166 166 166 166 166 166 166 166 165 165 165 166 166 166 166 165 165 165 165 165 166 165 164 165 164 164 165 165 166 166 165 165 165 165 165 164 165 165 165 165 165 164 164 165 165 164 165 165 165 165 164 165 164 164 165 165 165 165 165 165 165 165 164 163 163 163 164 163 163 163 164 163
164 164 163 163 164 165 166 166 166 167 166 166 166 166 166 166 167 165 167 167 167 167 167 166 166 166 166 166 166 165 165 165 164 165 165 165 166 165 165 165 165 165 165 165 165 164 164 164 164 165 165 165 165 165 165 165 165 165 165 165 165 165 165 165 165 165 165 164 165 165 165 165 165 164 164 164 164 164 165 165 165 165 165 165 164 163 163 163 163 163 163 162 161 161
165 166 165 165 166 166 166 167 167 166 166 166 166 166 165 166 166 166 166 167 167 167 167 166 166 166 166 166 166 166 164 165 166 165 164 165 165 165 165 165 165 165 165 165 164 164 163 163 164 165 165 165 165 165 165 165 165 165 165 165 165 165 164 165 165 165 165 165 164 165 165 164 164 165 164 164 164 164 165 164 165 164 164 164 164 163 162 162 162 162 161 161 160 159
166 166 166 166 166 166 167 167 167 166 167 167 166 166 166 166 165 165 165 166 167 167 167 167 166 166 166 166 166 166 166 165 165 165 165 165 165 166 165 166 165 165 164 164 164 163 164 164 165 165 165 165 166 165 164 165 165 165 165 165 165 165 165 165 165 165 164 165 164 165 164 164 164 164 164 164 163 164 164 164 163 164 163 163 163 162 161 162 160 161 160 159 160 159
166 166 166 166 166 167 167 167 167 166 167 167 167 166 166 166 165 165 165 166 165 166 166 166 166 166 166 166 166 166 166 164 166 166 166 166 166 166 166 166 164 164 164 164 164 164 164 165 165 164 165 165 165 164 164 165 165 165 165 164 165 164 164 164 165 165 164 164 165 164 164 164 164 164 164 163 163 163 163 163 163 163 163 161 161 161 161 160 159 160 159 158 158 158
167 166 166 166 167 167 167 167 167 167 166 167 166 167 167 166 166 165 165 165 165 166 166 166 166 166 166 166 166 166 166 166 166 166 166 166 166 166 166 166 164 164 164 165 165 165 164 164 164 164 165 165 165 165 164 164 165 165 165 165 164 164 164 164 164 165 164 164 164 164 164 164 163 164 163 163 163 163 162 162 161 161 161 161 160 159 160 158 158 159 157 156 158 156
167 167 167 167 167 167 167 167 167 167 167 167 167 167 167 167 166 165 165 166 167 166 167 166 166 166 166 166 166 166 166 166 166 166 166 165 166 166 166 166 166 166 165 165 165 165 164 164 164 164 165 165 165 165 165 164 165 165 165 165 165 164 164 164 164 164 164 164 163 163 164 163 162 163 162 162 162 162 161 161 160 160 159 160 159 159 158 157 157 157 156 155 156 154
167 167 167 167 167 167 167 166 167 166 166 166 166 167 166 167 166 166 165 165 165 165 165 166 166 165 165 166 166 166 166 166 166 166 165 166 166 165 165 165 165 165 166 165 165 165 164 163 164 165 164 165 165 165 165 164 164 165 165 165 164 165 165 165 164 164 164 163 163 162 162 162 162 162 161 160 162 160 160 159 159 158 158 160 158 157 157 156 155 156 154 154 154 152
167 167 167 167 167 167 167 167 165 166 164 165 166 166 166 167 166 166 164 164 164 165 166 166 165 165 166 166 166 166 166 166 166 166 166 166 166 166 165 165 165 165 165 165 165 163 164 164 165 164 164 164 165 165 165 164 164 165 165 165 165 164 164 164 164 163 163 162 162 162 161 161 160 160 159 159 160 159 159 158 158 157 160 157 157 156 155 154 155 154 153 152 151 150
167 167 167 166 166 166 166 166 166 164 163 164 165 166 166 166 166 166 165 165 164 165 166 166 166 166 166 166 166 166 166 166 166 166 166 166 166 166 165 165 165 165 165 165 165 164 163 164 164 164 164 164 165 165 165 165 164 164 164 165 164 164 163 164 163 162 162 162 161 161 160 160 160 159 159 160 158 158 157 157 156 158 156 157 155 154 153 154 153 153 151 150 150 149
167 167 166 166 166 165 163 164 163 163 162 163 166 166 166 166 166 166 166 165 165 165 166 166 166 166 166 166 166 166 166 166 166 166 165 165 166 165 164 165 165 165 164 164 164 164 164 163 163 163 164 163 164 164 164 164 164 163 163 163 163 162 162 161 161 161 160 160 160 159 159 158 159 158 157 157 156 156 155 155 156 156 154 155 154 153 151 153 151 151 149 149 149 153
167 167 166 166 165 163 162 162 163 164 164 165 166 166 166 166 166 166 166 166 166 166 166 166 166 166 166 166 166 166 165 165 164 164 163 163 163 163 163 162 162 162 162 162 161 162 162 162 162 162 162 161 162 162 162 163 162 162 161 161 161 161 159 159 160 159 159 159 158 158 157 159 156 156 157 156 155 155 154 153 155 155 153 153 153 151 150 150 149 148 153 154 155 153
166 164 163 162 163 162 163 163 163 163 164 164 164 165 166 166 166 166 166 166 165 165 166 165 165 165 166 165 165 164 163 164 163 163 163 162 161 162 162 160 160 160 159 160 160 161 160 160 160 160 160 160 159 159 160 161 161 160 159 159 159 159 158 159 158 158 157 157 156 156 156 156 155 155 156 156 154 153 153 154 153 154 152 151 150 150 149 148 147 149 147 151 153 150
166 166 164 163 162 163 163 164 163 163 164 164 165 166 166 166 166 166 166 166 165 165 165 164 164 164 163 163 163 162 163 164 162 161 162 160 161 159 161 158 159 159 158 157 158 159 158 158 158 158 158 158 158 158 159 159 158 159 158 158 157 157 156 156 156 155 156 155 155 155 154 153 153 154 153 152 154 154 151 152 152 151 151 150 150 148 147 146 147 146 150 150 151 155
166 166 166 164 163 162 163 163 164 162 164 164 166 165 164 164 165 165 164 164 165 163 163 163 163 163 162 162 161 163 163 163 163 159 161 158 158 158 160 157 155 155 157 157 157 156 158 156 157 158 156 156 156 157 157 159 157 157 156 155 154 155 155 155 155 153 154 153 154 153 152 152 152 151 152 154 152 151 151 149 149 148 148 148 146 146 146 146 147 147 147 148 149 154
166 166 166 163 163 163 164 164 163 163 164 165 165 165 164 164 164 165 164 163 163 163 163 163 164 163 163 163 163 162 162 162 160 160 159 157 157 157 159 157 157 159 160 160 158 159 157 159 161 162 160 159 159 158 158 157 155 154 153 154 154 153 152 153 152 152 152 152 152 152 151 153 153 152 150 150 149 150 149 150 150 150 151 149 148 148 147 146 147 146 145 146 151 150
166 165 165 164 163 164 164 164 164 163 164 165 164 164 163 163 164 165 165 165 164 164 164 164 161 164 163 162 162 161 160 159 159 159 159 159 161 158 157 156 156 155 159 161 159 162 161 162 161 158 162 157 157 158 155 160 158 158 156 159 156 154 155 156 154 155 156 155 153 152 154 153 152 151 151 151 153 151 153 150 150 150 148 147 149 147 146 148 149 146 144 146 145 148
165 165 164 164 163 163 165 165 165 165 164 164 163 161 162 163 165 164 164 165 164 164 163 162 161 162 161 159 159 158 159 160 162 163 162 160 160 160 157 156 159 159 162 162 162 162 160 159 156 156 161 159 155 155 154 157 157 157 157 154 157 157 157 157 156 156 156 156 155 155 153 155 151 151 155 155 155 154 154 155 155 153 153 150 150 149 149 151 151 147 146 145 144 144
164 164 163 164 164 164 164 163 164 163 163 162 162 162 163 163 164 164 164 164 163 162 162 162 160 158 158 159 160 162 161 162 163 163 163 163 162 163 161 161 161 162 162 162 162 161 160 160 160 157 161 159 154 154 156 159 157 153 153 156 157 156 155 155 152 152 153 152 157 156 156 155 155 153 149 152 148 149 150 152 150 150 151 151 151 151 149 150 148 149 147 146 147 144
164 163 163 162 163 163 164 161 164 161 162 160 162 164 164 164 164 163 162 162 161 161 160 158 157 159 161 161 161 162 163 163 164 161 162 163 163 163 162 162 162 162 161 161 159 159 159 157 157 157 160 159 161 156 160 159 159 155 155 154 156 157 157 157 156 154 150 151 152 153 155 152 152 152 150 149 149 147 148 151 151 149 150 150 145 145 147 144 149 143 146 148 144 143
161 160 161 160 160 162 165 163 164 162 163 162 164 163 163 164 160 160 160 159 158 158 159 161 161 161 162 163 163 164 164 163 163 162 161 161 160 161 161 162 162 160 157 157 153 157 157 157 157 156 156 158 161 159 160 156 155 156 154 154 155 153 155 153 151 153 154 149 149 149 149 148 150 149 147 145 148 147 149 149 151 148 147 148 150 150 147 143 146 145 143 142 148 142
160 161 161 163 163 165 165 164 165 164 163 163 161 159 161 161 158 160 159 157 157 160 161 162 162 163 164 164 164 163 162 161 162 161 161 160 160 160 160 161 161 160 159 152 154 154 158 155 154 156 157 156 160 159 157 155 155 155 151 151 154 155 151 155 148 148 152 152 153 153 153 151 151 151 146 144 144 148 149 148 148 147 144 144 147 145 148 148 148 143 144 142 145 147
164 162 159 160 165 165 165 165 164 164 161 160 158 157 155 157 156 156 154 157 160 157 159 163 162 163 164 162 161 161 161 160 161 162 161 161 161 160 160 161 161 160 157 158 158 155 156 154 153 155 153 154 159 161 161 159 158 154 151 152 156 154 150 150 152 152 153 151 150 150 148 149 147 150 148 148 146 144 149 147 148 148 143 147 142 145 148 141 143 145 148 142 142 144
166 166 163 164 166 163 164 161 158 165 162 161 160 154 154 155 159 160 156 156 158 160 158 163 163 165 164 162 160 158 158 160 162 161 160 160 160 160 159 161 157 158 161 159 156 155 158 158 157 155 154 155 159 158 158 161 160 158 158 156 158 155 153 152 149 150 147 151 147 146 144 143 146 146 149 144 145 141 148 145 147 144 146 145 146 142 144 148 144 142 140 140 142 142
164 166 166 164 162 157 159 159 159 163 165 156 157 155 156 160 161 153 164 164 164 164 164 164 165 164 163 162 161 162 158 159 159 160 161 160 157 159 157 155 158 160 159 161 159 157 159 156 157 153 155 157 157 159 159 161 159 159 160 159 153 154 149 150 148 148 148 149 149 150 146 143 144 144 146 147 144 143 145 144 149 140 142 141 144 141 142 145 140 142 141 142 142 141
164 163 164 163 160 160 156 160 161 161 165 157 156 160 155 156 161 164 162 163 164 162 163 164 163 163 162 159 156 161 159 159 159 157 159 156 156 156 154 155 158 160 156 158 161 158 156 154 153 153 152 151 155 153 158 159 156 158 159 161 158 153 153 146 146 144 147 145 146 144 144 142 142 144 144 143 143 143 143 145 141 143 138 138 141 140 140 139 139 140 139 140 138 138
164 161 158 162 162 158 157 157 161 165 165 162 160 159 165 165 163 165 163 163 164 163 161 161 157 157 159 160 157 158 155 158 156 155 158 159 157 155 154 156 155 159 153 157 161 158 154 154 150 150 153 151 149 149 153 159 155 153 151 159 158 158 155 148 148 152 151 151 150 145 144 139 140 140 143 140 139 140 141 137 139 135 139 139 138 139 139 138 140 140 141 138 139 140
157 159 157 160 163 156 157 162 157 159 161 163 165 161 165 161 164 164 163 161 163 164 164 160 160 161 159 158 156 156 154 156 155 155 157 157 152 150 152 158 155 151 150 151 155 153 152 147 155 152 148 151 146 150 147 152 156 152 152 154 159 156 158 158 151 157 157 157 152 149 145 149 143 140 138 136 139 136 139 134 134 139 137 136 134 139 140 141 135 135 139 137 142 143
164 159 159 159 157 158 156 160 158 160 157 161 160 165 165 164 162 164 162 161 159 162 163 164 162 159 156 155 157 155 154 151 154 154 155 155 156 152 154 157 155 153 152 154 156 157 155 152 153 153 147 149 149 151 153 157 152 151 152 154 155 156 154 156 155 156 154 157 155 155 146 141 137 138 140 136 134 136 140 139 134 135 138 142 146 145 147 140 138 139 138 140 141 142
158 161 158 159 158 161 156 157 157 158 160 157 161 164 164 159 158 160 163 161 158 160 161 163 163 162 159 157 158 159 160 157 156 157 156 156 155 154 153 154 155 154 150 145 152 155 155 155 153 146 149 148 149 152 156 152 152 151 150 149 155 156 153 152 153 148 153 156 153 144 142 145 141 144 139 142 140 143 144 140 140 144 143 140 141 149 142 144 141 140 138 139 139 140
