Datenquellen/TADXMM_17_2022_01.asc
NCOLS 654
NROWS 866
XLLCORNER 3280414.711633467
YLLCORNER 5237500.62890625
CELLSIZE 1000
NODATA_VALUE -999
[rows 779 to 819 of 866, columns 188 to 281 of 654]
155 150 149 149 150 150 149 149 146 148 144 143 136 144 150 152 144 139 139 139 140 145 139 140 140 141 151 146 143 154 151 144 141 140 140 142 143 145 146 146 147 150 150 151 153 151 151 151 152 152 153 152 152 153 155 155 156 156 155 155 155 155 155 154 154 152 155 153 152 154 153 151 151 151 150 151 151 153 153 153 153 153 153 153 153 153 153 152 153 151 151 155 155 150
151 152 149 149 150 150 150 147 150 150 143 144 137 139 147 152 141 139 140 140 139 150 140 143 143 141 152 143 148 144 140 138 141 139 140 142 144 145 146 147 148 150 150 150 153 150 151 152 153 154 154 152 152 153 155 155 152 155 155 155 155 155 153 154 153 153 154 154 154 154 152 151 151 152 151 149 150 153 152 153 153 153 152 150 154 154 152 151 151 152 155 153 151 148
148 149 150 149 149 150 149 149 150 149 147 147 137 139 147 152 139 139 140 140 145 142 149 153 148 154 143 151 149 147 143 138 140 140 144 143 146 146 147 149 149 149 151 151 151 150 151 152 153 153 155 155 155 155 155 154 153 153 155 155 155 152 152 153 154 153 152 154 154 153 152 151 151 151 151 151 149 152 153 153 153 153 152 152 154 154 153 151 153 155 155 150 148 148
150 151 150 149 148 148 142 141 145 149 148 148 139 139 151 150 141 141 147 145 143 151 153 153 148 145 154 144 149 141 139 139 140 142 145 145 148 148 149 149 151 151 150 150 149 151 150 151 153 154 154 151 152 155 154 151 153 153 154 154 153 153 152 152 154 153 152 153 153 153 152 151 151 150 150 150 151 153 152 153 153 153 153 153 153 154 154 155 155 155 154 148 149 150
152 150 149 145 146 148 146 144 148 150 151 151 139 146 152 149 142 141 142 145 145 154 152 150 145 153 153 144 154 145 143 142 143 144 145 146 146 147 149 151 151 151 152 151 150 149 150 154 154 154 154 151 152 152 152 151 155 155 155 152 152 154 152 151 152 152 152 151 152 153 153 152 149 149 148 151 150 151 152 152 153 154 154 152 153 153 155 155 155 155 152 150 148 152
153 151 151 145 145 146 148 148 145 139 138 152 141 149 153 149 143 145 154 153 153 154 146 147 150 153 153 145 145 143 142 142 143 146 147 148 149 151 151 152 151 151 150 153 151 153 154 149 151 154 151 151 151 151 151 152 154 153 153 152 154 152 153 150 151 150 150 151 152 152 152 152 151 150 148 149 150 151 151 153 154 154 153 154 153 153 155 155 154 152 147 150 148 152
153 152 152 148 143 144 139 138 148 148 141 152 144 143 153 151 143 152 154 149 151 149 152 146 147 150 147 145 143 144 143 146 146 148 147 148 151 151 151 151 152 154 152 152 154 154 152 150 150 153 150 150 150 150 150 153 154 151 151 153 151 151 152 150 150 150 150 151 150 151 152 151 152 151 148 149 148 150 151 153 155 155 155 154 154 154 154 153 154 154 148 149 149 151
153 153 153 151 147 145 145 139 139 142 150 150 151 153 153 153 151 151 154 146 146 148 147 142 142 143 148 145 147 146 145 147 149 149 148 149 151 151 152 153 152 150 151 152 151 151 150 150 153 151 153 150 150 149 150 150 152 152 150 153 151 152 152 150 150 149 149 151 150 151 151 149 153 153 151 149 147 148 149 154 155 155 155 154 154 154 155 152 151 154 154 151 152 151
154 153 153 150 146 142 145 147 139 141 142 145 146 149 142 146 154 154 152 150 149 145 147 142 143 143 145 147 147 146 147 147 149 149 150 150 152 152 151 152 150 150 152 151 150 150 150 151 152 150 152 150 150 149 150 150 151 153 152 153 151 152 149 151 149 149 150 150 149 150 151 151 153 153 152 150 148 148 149 154 155 155 154 154 154 155 153 152 152 153 153 152 152 149
153 154 154 152 147 147 141 139 149 140 142 141 144 153 145 154 151 148 153 152 147 142 144 143 143 144 145 147 147 147 148 148 150 151 151 152 152 152 153 151 152 150 151 151 150 150 150 150 152 151 150 151 150 150 152 150 151 152 152 152 151 151 150 149 149 149 150 149 147 151 152 151 152 153 153 151 149 148 149 154 156 155 154 154 155 154 153 153 152 152 153 152 152 149
153 154 154 152 141 149 148 140 141 143 146 144 146 147 149 154 145 144 144 148 152 146 144 146 145 145 146 146 147 149 149 149 149 150 151 152 152 151 153 151 150 150 151 150 149 148 149 150 152 149 150 151 149 150 150 150 150 151 152 153 151 150 151 150 149 149 149 150 150 151 151 153 151 153 154 153 150 149 150 154 155 155 155 154 154 154 154 153 152 151 152 152 152 152
153 153 152 154 140 146 147 142 147 147 153 145 148 155 155 153 152 147 144 143 149 145 145 145 145 147 148 148 149 148 151 150 150 151 151 152 152 152 153 152 150 150 150 150 149 149 148 149 152 148 149 151 148 149 149 149 149 150 149 150 151 150 151 150 150 148 149 151 151 151 151 155 154 154 155 153 153 153 153 156 156 155 155 155 154 153 154 152 151 151 153 152 152 151
155 154 154 154 146 142 146 153 153 150 147 153 150 155 147 145 145 149 143 144 147 150 145 145 145 148 148 149 150 150 150 150 150 150 151 150 152 152 153 152 150 151 150 149 148 149 149 151 151 149 148 150 149 148 148 148 148 149 149 151 152 151 151 150 149 150 151 150 152 152 153 153 154 155 155 155 153 154 154 157 155 155 155 155 155 155 153 152 152 151 151 152 152 151
155 154 152 155 153 151 144 141 143 150 152 156 155 154 148 144 145 144 141 143 146 148 147 147 147 148 148 149 149 150 150 149 150 151 151 151 153 153 152 150 151 151 149 149 149 149 148 149 150 150 148 148 149 147 149 149 147 148 149 152 151 149 150 150 152 151 151 152 152 153 154 154 155 155 155 155 156 155 155 157 155 155 155 155 155 153 153 153 153 151 150 151 151 146
155 154 150 151 156 154 152 152 155 155 153 154 151 151 152 146 146 144 145 147 147 147 147 149 149 149 148 148 150 150 150 151 150 151 150 151 153 153 152 151 150 151 150 149 148 150 149 149 149 150 148 147 148 149 149 148 148 149 151 151 152 150 149 149 149 151 152 152 152 153 154 154 155 155 155 155 156 155 154 156 155 158 156 155 155 155 155 153 153 152 151 151 147 143
155 156 154 153 156 156 156 156 148 157 148 148 148 149 151 149 147 147 150 147 148 150 148 149 150 150 150 153 150 151 151 150 151 150 152 153 153 152 152 150 151 151 149 149 148 148 148 150 150 148 147 147 149 147 146 148 149 150 151 152 152 152 150 150 147 147 147 150 153 153 154 155 155 155 156 156 155 154 156 156 156 159 155 155 155 155 154 153 154 152 150 151 145 144
154 153 153 153 143 150 153 155 151 148 148 146 152 151 151 150 151 150 150 149 149 150 152 149 150 149 153 154 150 152 151 151 154 153 155 152 152 152 151 150 150 150 149 149 149 149 150 150 150 147 146 147 149 146 146 147 145 150 151 152 152 152 151 151 151 148 148 150 154 153 154 155 155 155 155 155 155 155 158 156 155 156 157 154 155 154 153 151 151 151 149 148 144 147
152 141 148 141 152 147 155 150 149 152 147 147 151 155 155 152 157 152 151 151 153 156 149 149 150 152 153 154 154 152 151 155 156 155 153 151 152 152 152 151 149 149 149 148 150 151 151 150 149 145 145 146 146 148 147 147 146 145 149 152 152 152 152 152 152 152 151 150 152 154 153 155 155 155 155 155 155 155 158 158 156 155 155 156 155 154 152 152 152 152 149 147 145 148
140 141 143 147 146 148 155 148 146 148 150 148 153 154 153 155 157 153 156 151 152 157 151 153 153 155 155 154 153 153 153 154 157 154 153 149 149 150 151 150 149 150 148 150 150 150 151 152 148 147 145 147 147 146 148 146 144 143 144 150 152 152 152 153 152 153 152 150 149 153 154 155 155 155 155 155 155 158 160 160 161 160 155 155 154 153 152 153 152 151 149 147 147 149
139 141 142 145 148 154 153 148 147 146 146 151 150 155 156 153 155 160 152 151 156 152 152 154 155 156 155 156 155 154 154 158 157 155 152 152 150 151 152 151 150 150 148 150 150 148 151 152 151 147 147 148 147 144 147 146 146 144 144 145 151 152 152 152 148 152 152 152 150 151 155 155 155 156 155 154 155 162 162 162 159 157 156 155 153 154 153 153 151 151 148 148 148 149
142 142 145 148 148 154 148 148 146 148 150 156 153 156 158 161 155 154 152 157 154 156 158 156 157 158 160 158 158 157 156 158 155 156 155 155 156 153 151 151 148 149 149 150 151 153 153 154 152 151 147 148 146 144 146 144 146 146 146 145 148 151 152 153 151 149 151 151 150 151 154 156 155 155 155 156 158 164 163 163 160 158 157 155 154 154 152 154 151 151 149 148 148 148
144 148 147 149 154 152 151 147 148 146 148 157 159 160 160 158 157 156 155 159 154 156 160 162 162 161 162 159 160 159 157 160 159 158 156 156 160 156 158 157 154 154 149 149 151 151 153 154 155 151 150 146 147 145 143 145 145 146 147 147 142 145 151 152 153 148 150 149 150 151 154 155 155 155 154 156 160 164 164 163 161 159 157 155 155 154 154 153 151 151 151 148 148 149
146 153 153 150 152 149 146 150 147 149 150 151 151 159 161 162 160 158 157 157 155 161 160 162 163 164 162 162 157 157 157 159 161 162 162 161 161 161 156 156 155 152 148 147 149 151 153 155 156 153 149 145 147 144 145 145 148 144 144 147 144 143 147 154 155 150 148 148 149 149 154 155 154 155 156 157 161 164 164 163 162 159 158 156 154 155 155 153 151 151 150 148 148 148
152 149 151 146 148 151 146 147 153 153 154 148 157 161 162 162 162 162 164 163 160 162 162 161 163 165 165 163 164 163 159 162 163 159 158 158 161 157 154 157 157 155 153 146 148 148 153 152 156 158 152 147 147 143 144 145 149 151 143 144 147 143 144 151 155 154 152 149 146 148 154 157 154 154 156 157 164 164 165 164 163 161 159 156 155 156 155 153 152 153 151 147 148 147
146 146 151 147 146 149 152 153 155 155 153 156 147 162 164 160 164 165 162 164 163 164 164 165 163 165 165 163 165 164 164 162 160 162 157 158 157 155 155 154 159 159 154 153 148 146 150 151 157 156 155 152 144 144 144 145 145 144 152 142 144 144 146 148 155 155 153 150 149 150 154 156 155 155 158 161 164 165 164 164 163 161 162 162 159 156 158 157 154 155 153 148 148 148
149 143 149 146 149 152 152 156 156 153 156 154 154 164 164 165 165 165 164 165 163 164 166 165 160 161 164 165 164 164 165 163 159 162 162 159 158 158 157 153 150 157 157 154 151 148 149 151 158 159 157 156 150 151 144 142 142 144 148 150 140 141 144 148 150 156 153 151 150 150 152 157 155 155 159 161 164 165 164 164 163 160 156 155 154 153 152 151 152 148 153 148 148 148
145 146 148 148 155 153 155 157 156 156 155 163 157 165 165 165 166 165 164 165 166 166 166 165 163 164 159 161 166 166 167 168 167 163 162 165 162 159 158 156 154 152 158 154 154 157 151 153 158 161 161 161 159 154 150 143 142 143 141 153 148 140 143 146 150 155 154 152 151 152 153 156 156 158 160 164 163 165 164 164 161 158 155 154 154 152 152 150 148 148 152 148 148 148
143 148 149 154 152 158 156 157 163 157 159 162 156 161 157 160 163 166 166 165 165 165 166 166 166 164 157 159 160 167 167 168 168 168 168 168 168 161 153 152 156 151 152 151 157 157 156 157 156 162 162 163 162 160 155 152 151 144 142 152 153 149 143 147 150 152 154 153 153 154 155 160 159 161 161 159 164 166 165 163 160 155 155 155 153 152 151 148 147 149 153 149 150 150
147 147 148 152 153 156 160 159 164 154 163 163 158 158 160 157 156 158 166 166 166 166 166 165 165 165 164 161 156 165 167 165 167 167 168 168 168 168 161 154 156 156 152 154 159 158 157 157 158 160 162 163 163 163 160 158 156 152 151 151 151 151 147 150 152 155 154 153 153 154 155 156 157 159 159 160 162 166 166 161 159 155 155 154 153 151 151 148 148 147 152 151 151 149
-999 -999 -999 153 154 157 162 164 164 162 164 160 148 152 159 162 162 155 166 166 166 167 166 165 162 165 166 160 156 165 162 153 162 162 168 168 168 168 168 167 162 165 158 157 157 162 162 160 160 161 162 163 164 163 161 161 158 158 155 154 159 155 151 152 154 156 153 154 154 154 161 157 159 159 160 162 163 166 163 159 158 154 155 153 153 150 147 148 148 148 150 151 151 151
-999 -999 -999 154 156 -999 -999 -999 164 163 162 160 154 153 157 160 160 159 166 167 167 166 166 163 164 167 166 159 159 166 158 155 156 155 155 160 168 168 168 168 168 160 161 161 159 160 163 163 160 160 157 160 164 164 162 160 161 155 157 156 160 159 155 154 159 155 156 156 155 155 156 159 159 160 161 162 166 158 160 156 155 156 155 153 152 149 147 149 149 149 149 152 152 151
-999 -999 -999 153 147 -999 -999 -999 161 164 164 161 156 153 162 162 161 162 168 167 166 166 165 166 166 165 167 167 166 166 161 160 159 159 156 158 156 168 168 168 168 167 163 163 162 163 161 164 161 160 158 160 164 164 164 162 161 161 159 162 160 159 160 157 157 157 158 156 156 158 159 159 159 161 163 164 166 161 158 156 155 155 154 151 150 147 147 150 151 151 151 149 152 151
-999 -999 -999 153 151 -999 -999 -999 164 164 164 165 164 163 165 164 164 157 167 166 166 167 167 166 166 163 169 166 167 165 165 167 163 162 160 157 155 159 164 167 167 167 167 167 163 160 162 162 163 163 163 162 164 164 164 160 158 155 156 158 156 156 157 161 159 159 160 160 159 159 159 159 160 163 164 165 165 160 158 156 154 155 155 151 149 147 149 150 151 150 149 150 152 150
-999 -999 -999 -999 -999 -999 -999 -999 166 163 160 163 166 166 166 165 163 164 166 167 167 167 167 167 167 167 168 167 168 168 166 166 167 166 165 164 163 161 159 163 166 167 167 167 167 167 164 163 164 164 162 163 164 164 164 164 161 158 157 158 155 152 151 157 159 161 161 159 159 159 160 160 162 163 165 166 165 158 156 156 154 155 153 150 149 149 151 151 150 152 151 150 153 152
-999 -999 -999 -999 -999 -999 -999 -999 -999 -999 163 165 165 162 160 162 165 166 167 167 167 167 167 168 168 169 169 168 168 168 167 167 167 164 166 165 161 160 158 159 160 161 167 167 167 167 167 165 164 165 165 164 163 164 164 164 163 159 159 159 153 150 147 154 155 159 161 161 160 161 161 162 163 164 166 165 158 159 159 155 155 154 152 149 149 151 151 150 151 152 149 152 152 153
-999 -999 -999 -999 -999 -999 -999 -999 -999 -999 166 167 166 166 166 167 166 166 166 167 167 167 167 167 169 169 169 168 168 168 168 168 166 164 164 164 164 164 162 162 163 164 166 161 167 167 167 167 167 165 165 166 165 164 163 164 165 162 161 159 155 148 149 146 155 160 162 162 162 161 161 163 164 166 165 165 164 160 157 155 154 153 153 150 149 152 154 153 152 152 151 154 156 150
-999 -999 -999 -999 -999 -999 -999 -999 -999 -999 163 166 166 167 168 167 166 168 168 167 167 166 166 164 167 167 168 169 169 168 168 168 168 168 166 164 165 166 164 164 164 164 162 165 167 168 167 167 167 167 165 164 166 166 165 165 165 165 164 160 160 156 153 156 159 162 164 164 162 161 162 163 164 165 165 164 163 160 156 156 153 156 156 150 150 153 156 154 152 151 150 154 156 152
-999 -999 -999 -999 -999 -999 -999 -999 -999 -999 -999 162 165 168 168 168 166 168 167 167 166 169 169 169 167 169 168 168 169 169 168 168 168 168 168 167 165 165 165 164 163 162 162 162 165 167 167 167 167 164 160 157 162 166 165 165 165 165 165 165 164 162 161 161 163 164 164 163 161 161 163 164 164 165 166 163 163 161 157 156 157 157 154 152 153 152 158 154 154 151 150 155 156 154
-999 -999 -999 -999 -999 -999 -999 -999 -999 -999 -999 163 162 159 161 162 -999 -999 -999 -999 166 166 166 167 167 168 168 168 168 168 168 168 168 168 168 168 168 167 166 165 164 162 163 163 164 167 167 167 167 167 163 161 158 162 164 164 166 165 164 164 165 164 164 164 164 164 164 163 162 162 162 164 165 166 165 164 163 160 161 157 161 159 155 154 162 153 158 156 154 153 153 156 156 159
-999 -999 -999 -999 -999 -999 -999 -999 -999 -999 -999 165 161 159 156 156 -999 -999 -999 -999 163 160 153 153 158 161 165 166 165 163 166 168 168 168 168 168 168 168 168 167 165 163 164 165 163 168 167 167 167 167 167 161 161 161 162 162 163 165 164 164 165 165 164 164 163 163 164 164 163 163 164 165 166 166 165 164 163 158 161 160 160 156 155 158 157 156 158 158 157 156 157 158 158 156
-999 -999 -999 -999 -999 -999 -999 -999 -999 -999 -999 168 166 166 165 165 165 -999 -999 -999 159 158 156 152 152 150 153 159 161 164 165 166 168 168 168 167 166 167 168 168 167 166 164 165 163 164 167 167 167 167 167 167 164 162 162 163 163 164 165 165 165 165 164 164 164 164 163 163 163 164 165 166 166 166 165 164 162 158 157 160 159 159 156 155 156 156 158 157 157 157 155 154 155 157
